{
  "nbformat": 4,
  "nbformat_minor": 0,
  "metadata": {
    "colab": {
      "name": "UnsupervisedLearning_R5_Project2.ipynb",
      "version": "0.3.2",
      "provenance": [],
      "collapsed_sections": []
    },
    "kernelspec": {
      "name": "python3",
      "display_name": "Python 3"
    }
  },
  "cells": [
    {
      "cell_type": "code",
      "metadata": {
        "id": "CoF0tfiqHL28",
        "colab_type": "code",
        "colab": {}
      },
      "source": [
        "%matplotlib inline\n",
        "import numpy as np\n",
        "import pandas as pd\n",
        "from matplotlib import style\n",
        "from sklearn.svm import SVC\n",
        "from sklearn.datasets import make_classification, make_blobs, make_moons\n",
        "import matplotlib.pyplot as plt\n",
        "import seaborn as sns\n",
        "from scipy import stats\n",
        "\n",
        "# use seaborn plotting defaults\n",
        "import seaborn as sns; sns.set()\n",
        "from sklearn import svm\n",
        "from sklearn.preprocessing import LabelEncoder"
      ],
      "execution_count": 0,
      "outputs": []
    },
    {
      "cell_type": "code",
      "metadata": {
        "id": "2x9k3MVGfNSe",
        "colab_type": "code",
        "colab": {
          "base_uri": "https://localhost:8080/",
          "height": 34
        },
        "outputId": "c4768a79-8127-4e73-f1f2-5ef129a2369d"
      },
      "source": [
        "from google.colab import drive\n",
        "drive.mount('/content/drive')"
      ],
      "execution_count": 2,
      "outputs": [
        {
          "output_type": "stream",
          "text": [
            "Drive already mounted at /content/drive; to attempt to forcibly remount, call drive.mount(\"/content/drive\", force_remount=True).\n"
          ],
          "name": "stdout"
        }
      ]
    },
    {
      "cell_type": "code",
      "metadata": {
        "id": "xhm4C6YXeiou",
        "colab_type": "code",
        "colab": {}
      },
      "source": [
        "vehicles_data = pd.read_csv(\"/content/drive/My Drive/AIML_NoteBooks/LabAndAssignments/R6/vehicle.csv\")\n"
      ],
      "execution_count": 0,
      "outputs": []
    },
    {
      "cell_type": "code",
      "metadata": {
        "id": "TWz3CqX7fs0L",
        "colab_type": "code",
        "colab": {
          "base_uri": "https://localhost:8080/",
          "height": 224
        },
        "outputId": "df89a6ea-aafb-4a95-fd4d-af9ed8397c9c"
      },
      "source": [
        "vehicles_data.head()"
      ],
      "execution_count": 4,
      "outputs": [
        {
          "output_type": "execute_result",
          "data": {
            "text/html": [
              "<div>\n",
              "<style scoped>\n",
              "    .dataframe tbody tr th:only-of-type {\n",
              "        vertical-align: middle;\n",
              "    }\n",
              "\n",
              "    .dataframe tbody tr th {\n",
              "        vertical-align: top;\n",
              "    }\n",
              "\n",
              "    .dataframe thead th {\n",
              "        text-align: right;\n",
              "    }\n",
              "</style>\n",
              "<table border=\"1\" class=\"dataframe\">\n",
              "  <thead>\n",
              "    <tr style=\"text-align: right;\">\n",
              "      <th></th>\n",
              "      <th>compactness</th>\n",
              "      <th>circularity</th>\n",
              "      <th>distance_circularity</th>\n",
              "      <th>radius_ratio</th>\n",
              "      <th>pr.axis_aspect_ratio</th>\n",
              "      <th>max.length_aspect_ratio</th>\n",
              "      <th>scatter_ratio</th>\n",
              "      <th>elongatedness</th>\n",
              "      <th>pr.axis_rectangularity</th>\n",
              "      <th>max.length_rectangularity</th>\n",
              "      <th>scaled_variance</th>\n",
              "      <th>scaled_variance.1</th>\n",
              "      <th>scaled_radius_of_gyration</th>\n",
              "      <th>scaled_radius_of_gyration.1</th>\n",
              "      <th>skewness_about</th>\n",
              "      <th>skewness_about.1</th>\n",
              "      <th>skewness_about.2</th>\n",
              "      <th>hollows_ratio</th>\n",
              "      <th>class</th>\n",
              "    </tr>\n",
              "  </thead>\n",
              "  <tbody>\n",
              "    <tr>\n",
              "      <th>0</th>\n",
              "      <td>95</td>\n",
              "      <td>48.0</td>\n",
              "      <td>83.0</td>\n",
              "      <td>178.0</td>\n",
              "      <td>72.0</td>\n",
              "      <td>10</td>\n",
              "      <td>162.0</td>\n",
              "      <td>42.0</td>\n",
              "      <td>20.0</td>\n",
              "      <td>159</td>\n",
              "      <td>176.0</td>\n",
              "      <td>379.0</td>\n",
              "      <td>184.0</td>\n",
              "      <td>70.0</td>\n",
              "      <td>6.0</td>\n",
              "      <td>16.0</td>\n",
              "      <td>187.0</td>\n",
              "      <td>197</td>\n",
              "      <td>van</td>\n",
              "    </tr>\n",
              "    <tr>\n",
              "      <th>1</th>\n",
              "      <td>91</td>\n",
              "      <td>41.0</td>\n",
              "      <td>84.0</td>\n",
              "      <td>141.0</td>\n",
              "      <td>57.0</td>\n",
              "      <td>9</td>\n",
              "      <td>149.0</td>\n",
              "      <td>45.0</td>\n",
              "      <td>19.0</td>\n",
              "      <td>143</td>\n",
              "      <td>170.0</td>\n",
              "      <td>330.0</td>\n",
              "      <td>158.0</td>\n",
              "      <td>72.0</td>\n",
              "      <td>9.0</td>\n",
              "      <td>14.0</td>\n",
              "      <td>189.0</td>\n",
              "      <td>199</td>\n",
              "      <td>van</td>\n",
              "    </tr>\n",
              "    <tr>\n",
              "      <th>2</th>\n",
              "      <td>104</td>\n",
              "      <td>50.0</td>\n",
              "      <td>106.0</td>\n",
              "      <td>209.0</td>\n",
              "      <td>66.0</td>\n",
              "      <td>10</td>\n",
              "      <td>207.0</td>\n",
              "      <td>32.0</td>\n",
              "      <td>23.0</td>\n",
              "      <td>158</td>\n",
              "      <td>223.0</td>\n",
              "      <td>635.0</td>\n",
              "      <td>220.0</td>\n",
              "      <td>73.0</td>\n",
              "      <td>14.0</td>\n",
              "      <td>9.0</td>\n",
              "      <td>188.0</td>\n",
              "      <td>196</td>\n",
              "      <td>car</td>\n",
              "    </tr>\n",
              "    <tr>\n",
              "      <th>3</th>\n",
              "      <td>93</td>\n",
              "      <td>41.0</td>\n",
              "      <td>82.0</td>\n",
              "      <td>159.0</td>\n",
              "      <td>63.0</td>\n",
              "      <td>9</td>\n",
              "      <td>144.0</td>\n",
              "      <td>46.0</td>\n",
              "      <td>19.0</td>\n",
              "      <td>143</td>\n",
              "      <td>160.0</td>\n",
              "      <td>309.0</td>\n",
              "      <td>127.0</td>\n",
              "      <td>63.0</td>\n",
              "      <td>6.0</td>\n",
              "      <td>10.0</td>\n",
              "      <td>199.0</td>\n",
              "      <td>207</td>\n",
              "      <td>van</td>\n",
              "    </tr>\n",
              "    <tr>\n",
              "      <th>4</th>\n",
              "      <td>85</td>\n",
              "      <td>44.0</td>\n",
              "      <td>70.0</td>\n",
              "      <td>205.0</td>\n",
              "      <td>103.0</td>\n",
              "      <td>52</td>\n",
              "      <td>149.0</td>\n",
              "      <td>45.0</td>\n",
              "      <td>19.0</td>\n",
              "      <td>144</td>\n",
              "      <td>241.0</td>\n",
              "      <td>325.0</td>\n",
              "      <td>188.0</td>\n",
              "      <td>127.0</td>\n",
              "      <td>9.0</td>\n",
              "      <td>11.0</td>\n",
              "      <td>180.0</td>\n",
              "      <td>183</td>\n",
              "      <td>bus</td>\n",
              "    </tr>\n",
              "  </tbody>\n",
              "</table>\n",
              "</div>"
            ],
            "text/plain": [
              "   compactness  circularity  ...  hollows_ratio  class\n",
              "0           95         48.0  ...            197    van\n",
              "1           91         41.0  ...            199    van\n",
              "2          104         50.0  ...            196    car\n",
              "3           93         41.0  ...            207    van\n",
              "4           85         44.0  ...            183    bus\n",
              "\n",
              "[5 rows x 19 columns]"
            ]
          },
          "metadata": {
            "tags": []
          },
          "execution_count": 4
        }
      ]
    },
    {
      "cell_type": "code",
      "metadata": {
        "id": "f6SU9bWOf14t",
        "colab_type": "code",
        "colab": {}
      },
      "source": [
        "vehicles_data['class'] = vehicles_data['class'].map({'van': 1, 'car': 2,'bus':3})"
      ],
      "execution_count": 0,
      "outputs": []
    },
    {
      "cell_type": "code",
      "metadata": {
        "id": "f3-gbaUAkExn",
        "colab_type": "code",
        "colab": {
          "base_uri": "https://localhost:8080/",
          "height": 357
        },
        "outputId": "4ad80bcc-1409-4463-ecc5-19afff52d8d8"
      },
      "source": [
        "vehicles_data.isnull().sum()"
      ],
      "execution_count": 6,
      "outputs": [
        {
          "output_type": "execute_result",
          "data": {
            "text/plain": [
              "compactness                    0\n",
              "circularity                    5\n",
              "distance_circularity           4\n",
              "radius_ratio                   6\n",
              "pr.axis_aspect_ratio           2\n",
              "max.length_aspect_ratio        0\n",
              "scatter_ratio                  1\n",
              "elongatedness                  1\n",
              "pr.axis_rectangularity         3\n",
              "max.length_rectangularity      0\n",
              "scaled_variance                3\n",
              "scaled_variance.1              2\n",
              "scaled_radius_of_gyration      2\n",
              "scaled_radius_of_gyration.1    4\n",
              "skewness_about                 6\n",
              "skewness_about.1               1\n",
              "skewness_about.2               1\n",
              "hollows_ratio                  0\n",
              "class                          0\n",
              "dtype: int64"
            ]
          },
          "metadata": {
            "tags": []
          },
          "execution_count": 6
        }
      ]
    },
    {
      "cell_type": "markdown",
      "metadata": {
        "id": "PUznZNu5lLG-",
        "colab_type": "text"
      },
      "source": [
        "Feature Engineering"
      ]
    },
    {
      "cell_type": "code",
      "metadata": {
        "id": "FoYjQRIHy1Fn",
        "colab_type": "code",
        "colab": {
          "base_uri": "https://localhost:8080/",
          "height": 425
        },
        "outputId": "2fc8555b-fb1a-4704-e8dd-a5d4052dfec1"
      },
      "source": [
        "vehicles_data_cleaned = vehicles_data.dropna()\n",
        "vehicles_data_cleaned.info()"
      ],
      "execution_count": 7,
      "outputs": [
        {
          "output_type": "stream",
          "text": [
            "<class 'pandas.core.frame.DataFrame'>\n",
            "Int64Index: 813 entries, 0 to 845\n",
            "Data columns (total 19 columns):\n",
            "compactness                    813 non-null int64\n",
            "circularity                    813 non-null float64\n",
            "distance_circularity           813 non-null float64\n",
            "radius_ratio                   813 non-null float64\n",
            "pr.axis_aspect_ratio           813 non-null float64\n",
            "max.length_aspect_ratio        813 non-null int64\n",
            "scatter_ratio                  813 non-null float64\n",
            "elongatedness                  813 non-null float64\n",
            "pr.axis_rectangularity         813 non-null float64\n",
            "max.length_rectangularity      813 non-null int64\n",
            "scaled_variance                813 non-null float64\n",
            "scaled_variance.1              813 non-null float64\n",
            "scaled_radius_of_gyration      813 non-null float64\n",
            "scaled_radius_of_gyration.1    813 non-null float64\n",
            "skewness_about                 813 non-null float64\n",
            "skewness_about.1               813 non-null float64\n",
            "skewness_about.2               813 non-null float64\n",
            "hollows_ratio                  813 non-null int64\n",
            "class                          813 non-null int64\n",
            "dtypes: float64(14), int64(5)\n",
            "memory usage: 127.0 KB\n"
          ],
          "name": "stdout"
        }
      ]
    },
    {
      "cell_type": "code",
      "metadata": {
        "id": "syzs6d1O0S55",
        "colab_type": "code",
        "colab": {
          "base_uri": "https://localhost:8080/",
          "height": 510
        },
        "outputId": "5cb2bfe8-87d3-421a-cb30-3ba4affe6c29"
      },
      "source": [
        "\n",
        "vehicles_data_cleaned.fillna(vehicles_data_cleaned.mean(), inplace=True)\n",
        "vehicles_data_cleaned.info()"
      ],
      "execution_count": 8,
      "outputs": [
        {
          "output_type": "stream",
          "text": [
            "/usr/local/lib/python3.6/dist-packages/pandas/core/generic.py:6130: SettingWithCopyWarning: \n",
            "A value is trying to be set on a copy of a slice from a DataFrame\n",
            "\n",
            "See the caveats in the documentation: http://pandas.pydata.org/pandas-docs/stable/indexing.html#indexing-view-versus-copy\n",
            "  self._update_inplace(new_data)\n"
          ],
          "name": "stderr"
        },
        {
          "output_type": "stream",
          "text": [
            "<class 'pandas.core.frame.DataFrame'>\n",
            "Int64Index: 813 entries, 0 to 845\n",
            "Data columns (total 19 columns):\n",
            "compactness                    813 non-null int64\n",
            "circularity                    813 non-null float64\n",
            "distance_circularity           813 non-null float64\n",
            "radius_ratio                   813 non-null float64\n",
            "pr.axis_aspect_ratio           813 non-null float64\n",
            "max.length_aspect_ratio        813 non-null int64\n",
            "scatter_ratio                  813 non-null float64\n",
            "elongatedness                  813 non-null float64\n",
            "pr.axis_rectangularity         813 non-null float64\n",
            "max.length_rectangularity      813 non-null int64\n",
            "scaled_variance                813 non-null float64\n",
            "scaled_variance.1              813 non-null float64\n",
            "scaled_radius_of_gyration      813 non-null float64\n",
            "scaled_radius_of_gyration.1    813 non-null float64\n",
            "skewness_about                 813 non-null float64\n",
            "skewness_about.1               813 non-null float64\n",
            "skewness_about.2               813 non-null float64\n",
            "hollows_ratio                  813 non-null int64\n",
            "class                          813 non-null int64\n",
            "dtypes: float64(14), int64(5)\n",
            "memory usage: 127.0 KB\n"
          ],
          "name": "stdout"
        }
      ]
    },
    {
      "cell_type": "code",
      "metadata": {
        "id": "5CnVqMlL8s_p",
        "colab_type": "code",
        "colab": {}
      },
      "source": [
        "X = vehicles_data_cleaned.drop('class',axis = 1)\n",
        "y= vehicles_data_cleaned.pop('class')"
      ],
      "execution_count": 0,
      "outputs": []
    },
    {
      "cell_type": "code",
      "metadata": {
        "id": "EG1Kt88h9Bxu",
        "colab_type": "code",
        "colab": {}
      },
      "source": [
        "import matplotlib.pylab as plt\n",
        "\n",
        "vehicles_data_cleaned.boxplot(by = 'class',  layout=(3,6), figsize=(25, 25))"
      ],
      "execution_count": 0,
      "outputs": []
    },
    {
      "cell_type": "code",
      "metadata": {
        "id": "I5vXHD0-9H2S",
        "colab_type": "code",
        "colab": {}
      },
      "source": [
        "import seaborn as sns\n",
        "sns.pairplot(vehicles_data_cleaned, diag_kind = \"kde\")"
      ],
      "execution_count": 0,
      "outputs": []
    },
    {
      "cell_type": "code",
      "metadata": {
        "id": "S20aN1LJ9SqN",
        "colab_type": "code",
        "colab": {
          "base_uri": "https://localhost:8080/",
          "height": 952
        },
        "outputId": "c1b0f29d-7489-4c59-829e-83b5ef6f3016"
      },
      "source": [
        "from sklearn.preprocessing import StandardScaler\n",
        "from sklearn.decomposition import PCA\n",
        "X_std = StandardScaler().fit_transform(vehicles_data_cleaned)\n",
        "cov_matrix = np.cov(X_std.T)\n",
        "print('Covariance Matrix \\n%s', cov_matrix)"
      ],
      "execution_count": 12,
      "outputs": [
        {
          "output_type": "stream",
          "text": [
            "Covariance Matrix \n",
            "%s [[ 1.00123153  0.69073497  0.79092746  0.68897729  0.09066804  0.1505537\n",
            "   0.81502868 -0.78902127  0.81522961  0.67573322  0.76532752  0.82125027\n",
            "   0.58212123 -0.25875528  0.23193313  0.16859183  0.29656022  0.3732647 ]\n",
            " [ 0.69073497  1.00123153  0.79868656  0.62471862  0.15521415  0.25192897\n",
            "   0.85920548 -0.8261242   0.85719089  0.96655501  0.80710097  0.85197956\n",
            "   0.93674669  0.0491303   0.1419004  -0.00197723 -0.1140426   0.04939203]\n",
            " [ 0.79092746  0.79868656  1.00123153  0.77235395  0.16358689  0.26591783\n",
            "   0.91014241 -0.9138366   0.89836576  0.77441118  0.86674929  0.89288735\n",
            "   0.70655787 -0.23843852  0.11041593  0.278193    0.14543699  0.34365085]\n",
            " [ 0.68897729  0.62471862  0.77235395  1.00123153  0.66819724  0.45301698\n",
            "   0.74438595 -0.79674104  0.71709175  0.57118076  0.80778118  0.73267385\n",
            "   0.54530637 -0.17556405  0.04474816  0.17829807  0.37605357  0.47147529]\n",
            " [ 0.09066804  0.15521415  0.16358689  0.66819724  1.00123153  0.6528959\n",
            "   0.11383635 -0.19142882  0.08709873  0.13371753  0.29073296  0.10079166\n",
            "   0.1358303   0.17327362 -0.05931667 -0.04081886  0.22998448  0.25788318]\n",
            " [ 0.1505537   0.25192897  0.26591783  0.45301698  0.6528959   1.00123153\n",
            "   0.17165622 -0.18346816  0.16772014  0.30956088  0.33153186  0.15025349\n",
            "   0.19742152  0.30870835  0.01648166  0.04126053 -0.03058065  0.13945419]\n",
            " [ 0.81502868  0.85920548  0.91014241  0.74438595  0.11383635  0.17165622\n",
            "   1.00123153 -0.97461169  0.99321402  0.80914895  0.95123751  0.99762263\n",
            "   0.79672833 -0.04568825  0.07020422  0.22765518  0.00997918  0.13859428]\n",
            " [-0.78902127 -0.8261242  -0.9138366  -0.79674104 -0.19142882 -0.18346816\n",
            "  -0.97461169  1.00123153 -0.95151538 -0.7720487  -0.93900061 -0.95803596\n",
            "  -0.76250122  0.11989713 -0.04667832 -0.20157325 -0.11771267 -0.23369509]\n",
            " [ 0.81522961  0.85719089  0.89836576  0.71709175  0.08709873  0.16772014\n",
            "   0.99321402 -0.95151538  1.00123153  0.81297896  0.93680528  0.99334122\n",
            "   0.79387149 -0.0338105   0.07879827  0.23145534 -0.01740457  0.11734664]\n",
            " [ 0.67573322  0.96655501  0.77441118  0.57118076  0.13371753  0.30956088\n",
            "   0.80914895 -0.7720487   0.81297896  1.00123153  0.74567768  0.79721018\n",
            "   0.86630563  0.03113609  0.1305165   0.01306069 -0.1081518   0.08689924]\n",
            " [ 0.76532752  0.80710097  0.86674929  0.80778118  0.29073296  0.33153186\n",
            "   0.95123751 -0.93900061  0.93680528  0.74567768  1.00123153  0.94878385\n",
            "   0.77700696  0.09949344  0.03427042  0.20922369  0.01785045  0.10511871]\n",
            " [ 0.82125027  0.85197956  0.89288735  0.73267385  0.10079166  0.15025349\n",
            "   0.99762263 -0.95803596  0.99334122  0.79721018  0.94878385  1.00123153\n",
            "   0.79297189 -0.03794995  0.07248206  0.22032505  0.01179646  0.12527211]\n",
            " [ 0.58212123  0.93674669  0.70655787  0.54530637  0.1358303   0.19742152\n",
            "   0.79672833 -0.76250122  0.79387149  0.86630563  0.77700696  0.79297189\n",
            "   1.00123153  0.17750261  0.1625974  -0.04120413 -0.22477134 -0.10229307]\n",
            " [-0.25875528  0.0491303  -0.23843852 -0.17556405  0.17327362  0.30870835\n",
            "  -0.04568825  0.11989713 -0.0338105   0.03113609  0.09949344 -0.03794995\n",
            "   0.17750261  1.00123153 -0.08821744 -0.12074877 -0.74958968 -0.7997942 ]\n",
            " [ 0.23193313  0.1419004   0.11041593  0.04474816 -0.05931667  0.01648166\n",
            "   0.07020422 -0.04667832  0.07879827  0.1305165   0.03427042  0.07248206\n",
            "   0.1625974  -0.08821744  1.00123153 -0.02263933  0.11127169  0.0982493 ]\n",
            " [ 0.16859183 -0.00197723  0.278193    0.17829807 -0.04081886  0.04126053\n",
            "   0.22765518 -0.20157325  0.23145534  0.01306069  0.20922369  0.22032505\n",
            "  -0.04120413 -0.12074877 -0.02263933  1.00123153  0.07803801  0.20153412]\n",
            " [ 0.29656022 -0.1140426   0.14543699  0.37605357  0.22998448 -0.03058065\n",
            "   0.00997918 -0.11771267 -0.01740457 -0.1081518   0.01785045  0.01179646\n",
            "  -0.22477134 -0.74958968  0.11127169  0.07803801  1.00123153  0.89515759]\n",
            " [ 0.3732647   0.04939203  0.34365085  0.47147529  0.25788318  0.13945419\n",
            "   0.13859428 -0.23369509  0.11734664  0.08689924  0.10511871  0.12527211\n",
            "  -0.10229307 -0.7997942   0.0982493   0.20153412  0.89515759  1.00123153]]\n"
          ],
          "name": "stdout"
        }
      ]
    },
    {
      "cell_type": "code",
      "metadata": {
        "id": "rnICIfgv9YWo",
        "colab_type": "code",
        "colab": {
          "base_uri": "https://localhost:8080/",
          "height": 85
        },
        "outputId": "196eaa9e-9735-4d37-84f8-d9dd71f38e85"
      },
      "source": [
        "eig_vals, eig_vecs = np.linalg.eig(cov_matrix)\n",
        "eigen_pairs = [(np.abs(eig_vals[i]), eig_vecs[ :, i]) for i in range(len(eig_vals))]\n",
        "tot = sum(eig_vals)\n",
        "var_exp = [( i /tot ) * 100 for i in sorted(eig_vals, reverse=True)]\n",
        "cum_var_exp = np.cumsum(var_exp)\n",
        "print(\"Cumulative Variance Explained\", cum_var_exp)"
      ],
      "execution_count": 13,
      "outputs": [
        {
          "output_type": "stream",
          "text": [
            "Cumulative Variance Explained [ 52.45421787  69.04278236  79.68349586  86.17614977  91.33143713\n",
            "  94.2843067   96.27670728  97.51052572  98.3766432   98.89167071\n",
            "  99.24417716  99.49049637  99.68338315  99.80107333  99.89049256\n",
            "  99.96322521  99.99796993 100.        ]\n"
          ],
          "name": "stdout"
        }
      ]
    },
    {
      "cell_type": "code",
      "metadata": {
        "id": "B7D31zRo_d62",
        "colab_type": "code",
        "colab": {}
      },
      "source": [
        "import matplotlib.pyplot as plt\n",
        "from mpl_toolkits.mplot3d import Axes3D\n",
        "from sklearn import datasets\n",
        "from sklearn.decomposition import PCA\n",
        "\n",
        "x_min, x_max = X.iloc[:, 0].min() - .5, X.iloc[:, 0].max() + .5\n",
        "y_min, y_max = X.iloc[:, 1].min() - .5, X.iloc[:, 1].max() + .5"
      ],
      "execution_count": 0,
      "outputs": []
    },
    {
      "cell_type": "code",
      "metadata": {
        "id": "SVjd0QS3_gfE",
        "colab_type": "code",
        "colab": {
          "base_uri": "https://localhost:8080/",
          "height": 463
        },
        "outputId": "63bdbd74-496b-4d61-aa41-dc2881e42f1f"
      },
      "source": [
        "# To getter a better understanding of interaction of the dimensions\n",
        "# plot the first three PCA dimensions\n",
        "fig = plt.figure(1, figsize=(8, 6))\n",
        "ax = Axes3D(fig, elev=-150, azim=110)\n",
        "X_reduced = PCA(n_components=4).fit_transform(X_std)\n",
        "ax.scatter(X_reduced[:, 0], X_reduced[:, 3], X_reduced[:, 3], c=y,\n",
        "           cmap=plt.cm.Set1, edgecolor='k', s=40)\n",
        "ax.set_title(\"First three PCA directions\")\n",
        "ax.set_xlabel(\"1st eigenvector\")\n",
        "ax.w_xaxis.set_ticklabels([])\n",
        "ax.set_ylabel(\"2nd eigenvector\")\n",
        "ax.w_yaxis.set_ticklabels([])\n",
        "ax.set_zlabel(\"3rd eigenvector\")\n",
        "ax.w_zaxis.set_ticklabels([])\n",
        "\n",
        "plt.show()"
      ],
      "execution_count": 15,
      "outputs": [
        {
          "output_type": "display_data",
          "data": {
